94
10 10 3 1 2 4 4 4 1 6 7 0 6 8 6
20 20 4 0 4 19 7 0 12 19 15 4 0 7 19 12 0 15 19
15 15 4 7 0 7 14 3 3 11 11 0 7 14 7 13 13 13 13
10 10 4 1 1 1 1 2 2 2 2 3 3 3 3 2 2 9 9
517148 978694 5 23482 175480 127129 434130 184884 151972 428017 159062 176033 189154 507036 443462 49495 149236 283413 229903 440065 396683 511601 695039
625177 303213 7 587600 46512 594281 206301 296139 132502 530549 215044 38591 156810 196668 299948 8307 210184 449242 302446 79636 95383 191471 141210 65668 127832 277376 196061 449349 49634 530400 280785
368539 334680 3 18444 37101 309488 163864 125831 182661 318301 315813 5259 74120 305581 131266
137978 651159 5 68096 44192 137599 285634 30883 462909 128326 558718 48651 46610 53341 68840 33532 3418 101350 544802 10597 498202 78910 551499
654983 522539 3 222462 70786 440700 97617 139303 263364 305141 368765 44686 145064 292437 164175
878613 659767 9 99572 133213 319253 451383 174930 281389 282736 652988 185888 196224 729689 480402 218269 140370 491673 415624 115604 14820 339893 474737 86741 196842 864408 401229 736532 543958 740878 646686 555990 474034 835031 561594 281284 524636 389696 534719
951839 961702 6 753687 646517 864501 766623 231119 187148 279843 331723 720299 226234 872212 897162 567 5196 426406 661059 28412 148637 777222 909273 794113 287138 896614 351967
314601 926063 1 151176 87471 303461 254419
494279 925042 8 67360 373131 98547 760324 238315 299600 252507 778219 262386 224874 266610 471115 208070 138791 467726 460214 39412 93929 197195 306847 34011 466068 220042 910975 69997 395789 78511 837174 213024 115137 416476 246736
201696 410228 3 70917 74598 138430 283147 63408 169603 190870 356390 179045 128162 193365 359493
305134 551753 1 175233 292767 298097 344132
443167 626942 4 56113 391114 315591 543443 30655 275743 134670 415858 100834 172922 222844 429332 265 275124 286294 558423
353369 321730 6 63983 28987 198480 309870 34658 154099 54836 238477 129387 102178 349449 138707 249530 154051 278310 305896 180419 245235 285768 259921 96168 164846 136826 299002
381648 450321 3 170598 53379 266643 421223 199221 1211 349384 209809 61358 158236 264093 169186
102215 792983 10 1128 332999 83616 393840 13559 9685 68958 627284 39351 312549 61144 574303 33605 362096 53827 473474 25405 15134 92619 239439 39614 545350 76064 753458 84248 514574 88085 592699 13421 21241 35897 687013 11368 457454 21282 511782 67549 305438 74468 527566
772321 953510 6 561576 421104 573797 853795 174948 579927 647597 821994 264835 456877 355862 918254 679026 414527 709864 518075 158829 120145 565170 476388 168464 690686 644843 784751
690111 286389 6 252065 223950 622817 256729 220769 35868 483338 48769 121078 158352 282138 183786 16800 19132 427614 117994 431562 54315 516529 111976 120937 84829 404906 266409
160629 262427 4 81426 110138 129425 244085 8464 119616 58431 249769 22259 66155 115562 214247 116327 110283 147547 114451
101656 518799 6 77870 68675 86137 276549 50342 33979 62357 359286 62977 52196 92451 62681 2219 277579 50771 305457 12056 10024 65373 447467 58594 346794 92643 514718
257052 728847 2 73329 151951 153424 703140 122638 368124 246538 456122
568005 151068 3 31516 56930 352632 128987 123900 12635 419903 129368 110075 92901 522024 145391
842276 509911 5 117411 176915 231293 308642 61491 107811 617187 322054 229323 332019 398831 334753 157380 167738 766713 450203 119715 272025 385711 392740
516821 671943 4 193888 301606 355178 659266 208226 175674 252746 363882 103636 359988 451789 377157 155087 253281 192185 304702
683770 223479 2 328630 95517 639497 152592 586481 67290 633214 165696
791966 290865 4 214222 60283 747656 86553 425140 31842 471109 248593 97982 230089 207151 244625 499132 66129 751654 192166
689311 117479 10 87206 4929 146707 12690 52209 1874 488341 116438 112550 97686 211165 111467 179027 91923 603081 110888 109479 16391 566413 44674 120455 34524 626526 50895 224113 47027 524814 69633 142892 15096 207651 78913 156107 33159 373572 78934 152432 66670 428119 100273
878917 829322 7 159095 293978 483804 327234 143623 161203 697502 810319 211031 541241 234476 661762 37167 136704 66277 706806 546053 189929 662003 393962 416261 382783 459368 388852 498753 232539 700806 474044
362271 947226 4 68567 150874 282049 259394 42698 706234 164490 803961 193908 29998 317188 362806 332673 358382 344059 643240
959136 302272 7 474123 69776 950800 166668 82574 29454 635420 39469 80356 55006 521781 268023 273231 55215 417156 169220 336376 231045 904529 262279 883021 71299 909509 149130 333654 102290 554737 190137
448333 463417 2 77011 141233 390827 334719 266783 11962 313860 26213
829877 757252 7 151526 183622 434508 754093 104694 372299 235243 418238 253152 407771 792463 595153 285205 270689 474629 527724 15602 568169 245516 605228 240754 239891 787452 631412 186368 532687 616375 602601
649608 861311 1 107540 384901 318058 463288
875207 265396 4 66597 62262 603541 178741 94167 56354 840016 138040 214569 107587 700636 109266 385243 159443 467272 248105
549742 209255 4 258965 67102 415251 107375 344984 39516 408958 190471 511805 60785 532217 102293 183205 10250 337475 105978
492490 568327 5 32071 307486 427918 386370 90778 422912 155653 466409 334486 149456 343002 263436 70178 209608 125489 388792 271007 253758 353141 387195
941832 758671 5 327685 373892 937243 675503 616383 375489 827477 683684 556668 48625 636927 253017 592940 290368 645233 359944 134425 386072 755277 639116
702639 451355 5 249124 24925 503846 57854 92522 56810 404415 361002 23927 146030 97498 213117 155613 125922 528578 400028 53696 129221 468671 335265
246338 443562 10 11155 350567 76099 358275 24105 215457 109822 217513 104274 145571 185993 394498 86918 194335 159892 378401 82745 54516 137597 177517 24954 62999 45212 210913 72894 271317 123811 302885 163395 287673 227191 334797 111500 16084 170207 24433 97745 6638 170785 323723
475058 202129 9 86988 178793 438139 201637 67470 72580 365682 88257 246226 85918 411273 194181 362995 155615 367066 168788 181453 40588 347582 140602 132783 32063 233018 181263 301259 101097 448639 129755 366444 14747 409992 179413 13005 3915 277974 121691
787277 383933 1 196835 90854 423350 117927
580348 688223 3 109942 46259 489054 383666 26162 554425 288338 665804 153384 355793 420947 438787
897237 217511 5 208895 62265 233047 129731 485002 103918 718183 183605 34622 62573 673939 213045 196281 139526 524124 192980 271451 76155 505036 162347
122720 733728 3 2777 268011 49557 671975 25937 332657 119621 377320 30883 726140 113550 726886
876104 753776 5 398794 366696 777296 478253 658062 122643 682494 710763 206038 122978 769388 392713 449297 529682 795571 558413 53868 418077 268170 584376
849212 938713 2 276210 153940 642518 213941 416871 318567 793602 481073
881464 873266 7 165264 573096 523745 852817 289081 355139 827641 404765 54320 116279 81366 524272 47712 96522 699819 744885 135264 232513 787375 438636 484553 454395 692249 614235 123497 157114 575545 650256
755883 714000 3 126463 516767 380216 576640 461092 26539 727553 511897 99341 270292 603147 587286
819981 195126 4 100439 63571 148703 101306 311039 51110 767497 176277 269175 1616 750157 187015 368014 98919 759377 114592
766465 102527 8 235818 10921 367233 41193 366329 47683 741178 52656 177816 29817 203294 56926 381851 45477 710843 73222 255693 23595 658791 25720 146036 33296 681539 44653 69899 40845 647456 40863 120857 79216 484717 87590
718128 416831 10 45742 126882 230988 396136 180361 156872 359661 394872 156229 81449 416667 398913 592511 168681 672413 237542 156458 6444 470437 150396 59544 7599 630732 339635 20286 349988 161462 357412 128147 10061 392973 124269 70984 309477 497717 330255 67601 26249 635715 280202
641348 656225 9 245404 267061 416521 391368 316714 75490 625293 200355 271743 348480 304811 356509 407055 395420 621109 428918 260216 97770 567325 378521 318162 280296 587556 343258 110259 137034 568672 558321 426629 175070 502029 350793 9582 218939 56346 594963
451532 505030 6 160370 77883 424150 408113 94513 287411 282914 307603 315258 392097 330640 426424 125347 15490 357411 52353 138391 152638 387627 351080 161279 183679 330920 366127
125059 637248 1 731 120434 83728 630967
156518 981693 3 25421 815091 107136 867732 27625 293829 29350 462345 25861 649307 107301 944336
140716 602364 2 23223 143945 69995 416599 57052 506501 125697 571696
904824 966374 6 841714 11074 904812 206188 77477 204316 812068 643107 211276 396152 478233 708692 589582 102001 858159 658456 138455 374646 821455 652705 397781 257458 515546 796473
281792 634472 7 66356 311276 88464 497392 213659 16929 268062 369523 236143 253914 245922 270855 10079 21265 228377 336467 197242 107502 204316 461480 135759 89346 188861 501169 81180 290509 275215 566546
571184 499842 1 2752 209140 132214 353335
461682 879392 2 91927 310768 292392 523704 224202 6724 438716 522549
752905 580144 5 406196 113127 583586 317724 97914 202873 347167 524842 282808 180712 544179 546828 251003 127501 355012 552426 345996 38396 654637 556340
299242 720893 7 157288 193950 235047 384178 217611 363038 221375 664301 148336 180303 237514 589575 187480 425183 248740 649189 9485 129760 192468 214050 178755 101756 180254 375796 75715 358944 297116 366343
491551 525976 10 1935 373207 281772 377630 70218 11068 251490 208717 174493 321394 302416 446990 29900 485017 422420 490778 120703 294465 375734 518253 136081 101200 205719 247490 166434 231055 469036 285899 17088 375036 308490 401168 103817 83070 255290 276790 16116 9597 324456 238394
964362 480973 3 319476 33409 894639 434655 296940 215113 477624 408755 136964 192385 612699 411050
449886 585727 10 242880 8984 289106 354024 332268 113424 359216 525062 160777 549748 275567 568774 128280 304528 297592 457645 32403 152367 72168 222442 99321 93268 379270 177506 245391 30638 300721 46461 223118 52141 407962 475066 201398 155159 248879 160253 62827 218512 253985 501817
527303 346693 9 94512 138226 322058 330147 383890 73500 512779 320739 158074 38093 225956 137558 33970 81008 372684 84045 116608 50947 415121 227352 197176 248396 385232 316327 224904 46097 317401 146779 436811 15176 493122 190516 139962 75545 448376 202751
962268 336504 4 622293 116012 950369 204063 197977 221244 837171 333660 47694 249624 331398 317282 440906 72146 593201 289760
337455 155664 2 133613 14294 140068 49138 29142 17329 129852 64722
373564 846401 5 201217 113379 367693 424080 55922 283482 143389 764356 309221 123210 334616 747705 142748 50852 275601 431896 117821 433168 326472 489642
707271 538671 10 297393 404384 369418 414527 501629 254086 679055 331295 327610 50467 427934 522967 217366 26093 660063 111524 114774 23784 408725 253060 293050 53418 589547 393097 61389 187869 298033 442408 200849 299483 537164 366747 221573 255337 423631 291621 345853 305679 691661 388690
594961 537611 7 132313 81152 505701 481077 313679 453106 548685 499913 14161 245146 547074 495139 395258 129411 417264 505525 303642 11052 310186 187031 248682 2288 326426 447347 128801 218107 468701 425454
677523 354928 1 3173 232459 58743 351450
872159 344765 2 383271 17806 592247 198649 611161 26493 633918 306352
119663 866727 1 68748 543063 100268 554384
609507 721801 8 15676 165752 156318 369016 410264 217023 582195 678080 135839 646141 292834 669098 215764 331412 315681 715683 97957 30981 581201 199613 289894 89191 602718 161678 309689 149725 376277 447151 273713 558659 362711 629491
436569 153368 9 335802 96566 409974 126626 250364 128888 298240 135844 156199 40184 166348 135941 191770 133260 421680 143732 383863 85702 424219 135341 370452 23158 411121 63549 243073 107452 332187 150565 115919 76051 193808 117140 105762 32499 200980 142831
487716 196864 7 183824 24311 455269 77261 55050 80452 101612 133106 18983 48775 312756 53388 46769 100836 332025 102084 3256 20834 455985 99904 22317 17983 375614 150512 61945 54762 476605 163082
343764 486651 3 164577 211355 252511 300852 72382 116554 192450 223048 79537 100384 132576 344679
781260 445452 7 245464 15574 421950 279901 311763 177894 620741 434894 414402 85511 436935 418546 495477 102211 639624 380442 62586 59053 147910 304249 254819 8073 460715 356944 387502 45311 505518 272397
643660 905499 5 85671 399895 456622 548428 115851 140962 515877 823998 104500 83874 625156 399692 177619 104384 492779 902794 7515 27537 601881 822645
810625 816204 7 180609 86818 617633 777256 438119 14834 740458 776170 402207 39355 610530 614299 394425 48142 615364 305268 270822 234060 288337 287072 27145 157585 779732 414549 207817 368618 352150 504065
440635 635584 9 252552 206304 389873 455471 181003 285575 269091 562265 130817 302525 401924 492219 304385 30185 429102 618382 275100 493012 355043 522780 358938 266282 424945 633402 68195 8589 335717 212434 76560 537136 333968 599985 201784 386696 415477 433683
495151 969530 8 144869 2742 336380 580937 293977 5516 384462 212546 289427 336012 340490 340242 348040 134778 377984 376363 322527 658049 425983 841023 39983 147855 48482 868385 336441 410212 348628 632684 92611 425302 172587 713139
477829 563631 7 218606 208628 418343 539757 194965 20796 207529 359126 313735 128143 340194 304926 365107 68878 475343 250616 284479 76254 337009 437131 282187 264789 389589 298851 271558 38323 457598 298113
723860 203878 10 38528 111506 329778 131343 18255 34250 490451 190492 27068 66546 625327 188781 32359 66664 217717 149758 23040 69259 499671 203329 8189 84902 93394 193814 851 5744 132224 194764 246233 47748 532676 185309 53225 114051 411793 141170 181324 91727 711576 150612
971481 785594 2 213392 211378 767250 288197 64259 114423 112985 304930
572301 895091 9 251276 42128 527312 308621 93368 307958 223855 775587 300269 535385 373395 825713 17739 178602 491962 764913 320735 5905 493268 77194 131564 450816 191193 766698 206928 117764 558087 741983 335089 548356 558653 807301 79612 140381 247946 691803
140239 750348 8 35402 43892 59410 368998 78992 281478 127562 521503 18836 709004 96147 717958 81358 289789 117736 535190 47292 424907 87328 626954 67634 519602 75397 585047 43150 63582 61131 442923 123505 440889 129676 512833
967788 531202 9 779815 257927 944684 433727 113791 340872 148349 436337 447495 114297 547501 372860 442401 18930 549744 107882 270927 239044 563353 386773 528247 151223 869252 229570 550881 19610 748406 159482 213554 121804 830692 226353 685374 207135 706775 302297
257545 625751 7 16131 60926 221376 305127 112381 30391 195873 426563 17102 4306 64016 542153 9718 12929 179916 87403 130742 99862 134269 521704 81843 750 224505 342715 61115 150092 251935 265764
800164 811502 1 27759 146675 742389 606754
