94
10 10 3 1 2 4 4 4 1 6 7 0 6 8 6
20 20 4 0 4 19 7 0 12 19 15 4 0 7 19 12 0 15 19
15 15 4 7 0 7 14 3 3 11 11 0 7 14 7 13 13 13 13
10 10 4 1 1 1 1 2 2 2 2 3 3 3 3 2 2 9 9
90 207 6 23 36 32 206 82 12 88 48 81 75 83 165 20 122 48 127 45 3 49 29 45 84 60 122
519 483 5 24 3 424 461 6 280 254 480 64 203 111 346 144 342 414 454 375 346 435 372
977 987 5 789 372 912 813 583 252 839 886 253 168 592 589 45 53 177 447 499 182 760 489
124 248 7 54 18 61 155 19 114 102 174 7 74 66 154 8 167 96 218 8 154 74 213 44 34 98 151 9 0 121 195
423 177 9 158 125 193 154 239 101 277 156 284 22 414 63 365 80 410 166 89 41 203 164 232 29 312 48 153 84 211 155 51 2 88 67 151 131 202 176
608 703 2 433 23 605 322 472 85 553 168
122 548 9 60 309 103 339 1 133 11 202 0 250 92 545 5 473 36 484 67 192 104 282 0 199 75 348 34 309 64 480 21 269 29 509 5 105 53 293
263 428 6 75 334 223 386 4 41 82 150 202 268 244 333 27 246 41 292 88 31 91 261 84 74 243 292
602 888 7 253 256 337 702 74 3 207 627 224 73 474 743 148 75 555 715 133 501 384 507 165 661 514 777 21 18 174 580
717 309 8 106 86 149 168 170 90 411 126 343 11 373 88 72 203 652 231 46 125 635 286 504 54 588 300 224 84 530 256 448 123 469 130
358 29 2 72 7 117 13 68 4 216 11
541 98 7 202 40 360 67 307 56 451 90 383 61 523 61 166 47 491 86 216 59 335 61 488 41 494 47 91 30 467 49
103 184 4 73 98 86 151 9 53 93 156 6 72 42 173 5 81 59 134
151 882 2 0 656 19 777 96 269 104 479
776 806 1 441 124 621 480
442 861 7 156 15 200 659 394 66 437 271 202 162 287 659 92 19 134 669 170 151 374 291 19 442 211 591 121 245 137 347
493 607 2 329 427 367 428 43 288 335 580
564 432 3 97 30 453 200 147 128 497 348 24 418 453 425
994 744 5 694 158 926 316 74 115 380 653 434 170 985 250 57 202 901 311 196 440 930 551
607 851 3 145 26 592 128 248 94 384 329 108 569 337 681
768 115 6 333 28 507 86 598 103 719 104 167 63 498 85 323 18 723 77 392 1 648 93 499 99 510 104
754 489 9 2 396 569 445 82 101 628 441 396 298 429 304 204 249 451 322 74 35 656 42 529 192 602 372 254 58 567 80 607 247 648 486 47 45 361 186
492 900 10 16 685 429 817 300 235 418 312 341 407 416 662 377 239 383 365 15 237 353 784 22 413 447 494 130 308 453 649 158 10 205 607 238 119 308 355 411 277 477 878
471 296 1 171 257 254 264
502 106 4 282 41 452 55 20 7 320 16 220 16 414 80 123 21 237 65
959 636 9 11 242 686 271 262 535 364 557 446 140 851 290 294 286 858 444 382 11 411 74 412 132 837 365 624 507 913 526 404 68 687 627 470 74 483 244
977 740 1 373 259 692 334
480 640 10 83 403 147 528 13 150 315 586 46 72 82 375 274 114 312 579 33 43 426 319 399 167 410 439 193 71 398 99 429 316 448 344 43 277 213 303 4 176 96 551
105 835 1 65 519 89 584
975 153 2 609 50 925 98 522 71 934 85
688 328 8 235 146 598 150 241 109 473 189 358 223 474 224 145 35 319 235 520 171 583 302 656 255 678 272 122 59 259 216 305 24 616 95
925 337 7 509 147 824 248 88 76 788 278 377 79 920 184 38 22 292 312 273 167 730 260 242 145 858 300 280 231 832 248
516 938 6 168 284 236 302 271 378 366 859 269 101 409 363 238 467 511 518 155 364 163 901 347 359 490 598
473 178 9 381 116 428 119 136 47 429 166 11 36 98 65 48 2 250 115 57 127 456 155 241 0 273 41 292 120 400 127 201 163 257 174 237 72 462 109
450 433 5 79 79 447 155 211 154 280 318 263 104 350 357 59 6 440 71 27 314 353 418
786 120 4 239 33 761 65 39 11 172 23 553 0 663 46 569 28 780 43
228 844 1 126 39 222 384
753 123 6 548 30 660 91 10 33 742 115 193 14 632 104 230 28 258 39 312 63 537 74 358 38 370 40
906 861 4 108 367 541 500 373 95 803 435 641 147 809 371 557 262 741 512
924 546 10 164 208 861 509 350 159 591 263 693 143 849 529 520 420 536 494 244 168 774 210 598 323 654 410 393 102 813 436 394 25 720 164 443 2 582 152 427 259 648 499
549 821 1 272 180 523 789
416 726 4 187 446 218 548 131 428 192 514 20 95 150 542 132 298 139 586
751 782 1 334 109 441 250
79 431 8 5 66 7 216 39 365 72 366 56 273 58 355 15 149 41 310 8 9 71 176 61 25 65 220 41 70 68 110 8 88 12 125
318 810 1 58 43 96 601
483 475 6 14 126 80 304 51 103 425 315 70 171 152 222 246 46 250 253 152 40 249 205 162 458 396 463
400 214 8 141 16 232 17 109 154 141 162 193 44 225 211 303 6 364 84 31 31 164 129 102 14 387 72 65 150 86 184 60 53 354 85
230 712 7 62 328 96 341 53 5 132 512 114 57 150 517 63 159 106 331 37 664 201 708 50 13 102 112 188 350 216 434
173 12 8 29 5 82 7 45 0 162 9 72 0 169 2 85 1 108 2 73 1 139 4 4 7 15 7 56 5 120 11 90 5 152 5
419 204 1 77 136 296 137
955 252 1 54 130 195 154
398 454 2 163 128 256 420 116 9 277 106
146 703 3 88 540 137 699 62 88 142 576 100 114 131 368
41 29 8 18 15 40 19 21 3 34 27 22 24 30 24 12 10 21 18 5 18 15 20 16 20 38 23 8 9 27 24 19 10 21 23
924 612 1 48 327 395 329
286 974 1 74 372 180 624
473 448 8 31 134 65 370 39 108 435 388 189 42 412 437 359 211 389 385 205 379 413 395 403 27 432 366 280 145 324 443 302 109 418 279
256 954 3 95 218 213 294 117 417 251 442 51 319 236 691
123 338 5 4 163 113 228 7 119 92 143 73 289 76 297 21 106 66 136 11 7 106 25
637 883 3 459 41 466 381 224 822 380 869 46 277 65 865
515 440 1 184 274 384 397
73 170 10 55 3 70 46 5 47 25 63 50 20 54 24 22 35 66 61 30 135 32 137 20 73 67 122 37 27 45 144 25 80 56 145 52 31 72 91 5 27 12 80
799 661 10 229 426 424 507 17 371 138 467 407 56 630 126 353 313 682 521 13 268 78 442 226 483 603 580 64 261 685 604 372 70 410 457 263 199 504 465 9 92 361 314
111 368 5 60 158 62 290 0 176 99 194 5 113 57 279 9 207 56 246 15 115 101 243
720 304 5 584 50 631 138 422 150 599 206 23 93 339 154 74 59 471 150 90 124 558 141
608 122 8 28 28 116 92 17 8 313 65 100 27 130 99 31 31 238 91 306 43 405 57 297 23 585 54 497 20 532 115 173 41 391 80
513 53 1 157 9 430 14
783 523 1 574 209 658 431
919 170 5 638 8 849 30 488 8 596 150 132 106 428 138 161 104 857 132 818 108 897 113
969 577 10 86 149 949 440 42 340 193 514 304 206 401 495 112 73 365 571 125 119 741 479 182 396 610 416 86 120 364 124 135 116 500 487 241 389 351 572 635 48 890 565
998 671 5 755 22 892 32 328 73 925 372 575 637 662 656 386 153 919 604 902 24 943 346
28 123 5 5 12 13 99 0 69 14 120 17 25 23 118 5 16 10 69 18 17 19 119
140 392 6 96 124 115 338 17 105 138 308 49 268 125 282 7 57 113 269 25 81 53 211 7 254 33 368
232 529 5 9 325 91 407 29 273 34 424 68 106 226 509 62 81 111 406 102 218 111 296
317 353 1 116 348 224 349
970 874 1 536 565 566 597
815 805 8 274 21 318 707 107 251 533 379 246 311 256 516 32 282 415 300 106 59 459 560 501 692 655 758 59 243 481 781 214 480 608 480
348 505 5 127 244 171 265 123 484 347 484 101 45 311 348 106 181 215 395 282 79 337 195
989 775 8 679 291 853 467 788 236 916 329 782 646 879 728 113 99 763 301 16 137 502 720 402 119 892 170 611 98 773 733 187 612 588 710
884 310 6 283 74 578 148 99 220 544 278 287 153 330 203 314 204 621 249 4 53 604 230 306 27 666 226
513 203 3 348 51 474 152 265 156 410 160 169 39 441 98
777 269 9 115 54 384 79 372 18 612 89 329 198 448 216 524 177 667 219 312 21 686 34 65 158 535 226 120 65 457 184 497 85 762 214 72 148 699 209
949 302 3 756 79 840 105 271 113 507 181 222 18 934 96
1 760 7 0 327 0 629 0 131 0 209 0 1 0 300 0 465 0 612 0 120 0 638 0 77 0 379 0 217 0 443
713 813 1 107 159 410 216
650 281 2 281 133 308 169 219 227 312 257
965 15 6 437 3 504 12 72 12 681 12 24 9 110 9 297 1 343 11 354 4 629 13 306 6 362 11
143 167 5 61 83 120 127 64 53 79 122 44 18 135 97 101 52 108 131 27 80 85 90
508 968 4 5 250 496 875 8 476 256 938 113 134 223 581 11 459 452 463
825 401 7 34 345 636 360 75 126 566 176 476 101 695 115 7 9 345 281 347 168 644 205 476 259 657 323 64 159 289 213
