64
144
131
35
365638893213
95793118102
60067029882
39514016198
314183574487
277701249687
205147256126
265916350449
245136008490
51414669590
162047516312
179875126082
63463918692
114560767975
31985022553
453123916210
102118889840
22304254027
22103219291
135009525918
34266551329
206608714670
278863991792
133133570908
179246533096
24476355514
351978076057
273375077519
136053441661
146374668326
320679017527
543012352716
141716833627
89097818993
234930074113
460016829451
160297126892
67407240798
29060135152
296128926257
227543412996
95425664697
67954122003
425272371275
713965484414
288211837162
284988014113
66833623246
56134357133
80720562480
182418944634
126844413125
37320296700
129311063922
67533915693
457938131242
49878001557
266833706180
267102040674
187278676782
158713560427
109325722243
193140085726
120208729481
68679152378
190187784248
47531538666
177398443855
150989634825
117859333865
233859378912
256528607167
103358272239
191658252421
46209334774
30074861054
139653333095
180135787181
77521585425
201930450682
98932619089
307982518220
160507420154
38749054081
711359313018
128276082529
75613988063
336842265816
70660645237
320547255848
