94
3 3 5.00 4 3.00 8 1.50 23.50
3 8 22.50 7 14.50 6 33.33 10.00
4 4 14.00 5 11.00 6 12.00 4 10.00 83.99
5 4 14.00 5 11.00 6 12.00 4 10.00 5 13.00 83.99
9 95 62.62 76 18.56 99 29.11 3 4.61 73 99.17 7 48.37 93 13.75 62 25.65 85 90.16 53029.50
9 63 80.71 75 39.55 49 12.27 89 69.71 81 70.89 80 73.80 49 91.27 82 34.61 12 40.48 146934.29
21 16 46.09 89 89.12 12 75.73 42 57.58 63 49.70 53 78.65 5 57.22 5 54.52 33 12.95 15 4.57 53 60.94 46 22.05 43 27.95 59 59.73 99 75.69 46 30.31 25 93.52 92 76.47 51 30.46 92 74.35 85 6.30 24261.23
17 81 16.39 13 49.47 32 10.00 8 89.09 83 46.81 56 65.40 73 8.43 83 7.72 79 71.85 49 30.35 33 44.60 49 97.50 63 4.86 26 15.73 63 71.15 34 13.17 23 96.59 137731.74
61 96 1.69 87 11.32 45 15.92 89 25.17 43 5.79 47 51.21 97 96.01 50 5.68 76 62.74 74 3.45 8 81.82 34 91.76 24 54.03 6 49.47 26 52.72 85 79.02 71 12.26 54 23.60 24 99.06 69 28.24 78 72.18 54 77.24 82 50.29 24 68.50 67 24.16 42 3.33 77 68.58 24 43.03 91 27.22 51 38.70 74 62.41 11 59.99 25 49.41 11 25.27 54 91.51 74 82.64 49 70.20 71 36.25 78 44.22 83 82.78 86 0.55 47 50.09 45 41.39 36 6.70 61 47.15 81 25.10 96 73.49 21 57.22 78 55.56 49 1.54 92 13.99 81 1.75 53 85.11 79 88.37 82 52.13 56 61.10 54 39.96 59 89.01 65 21.36 49 0.13 52 21.06 150634.94
74 46 86.66 17 70.33 80 55.44 31 93.33 12 57.93 34 51.88 25 47.62 82 18.23 79 7.95 27 58.27 69 99.32 79 65.94 35 96.32 5 26.14 58 20.07 62 4.77 99 41.15 91 96.01 29 96.64 60 71.97 39 74.07 23 20.91 53 73.18 86 62.85 60 42.85 94 48.48 45 32.12 75 63.75 88 38.60 10 35.50 4 37.39 9 15.86 61 80.16 26 80.18 93 31.53 10 49.58 96 54.36 63 33.74 50 33.88 33 58.72 74 12.93 17 62.13 52 94.58 12 91.99 87 1.00 1 70.35 80 20.26 75 59.69 86 11.84 1 40.66 48 55.50 66 54.90 48 42.48 42 37.87 91 64.31 28 36.61 25 72.08 93 7.40 74 48.38 87 55.31 64 58.67 56 40.44 4 27.66 62 84.31 19 7.96 29 98.89 60 12.72 23 51.44 78 11.31 73 27.02 43 65.87 18 62.00 25 16.61 56 48.36 170645.83
67 87 32.93 4 4.78 7 40.69 30 11.55 31 35.36 51 9.20 57 41.02 10 79.21 47 86.24 63 29.20 54 86.23 66 32.97 9 50.45 49 66.78 91 4.17 74 31.38 82 0.61 92 69.30 59 15.26 4 83.15 56 48.00 56 93.65 91 30.35 22 89.93 65 82.15 39 93.54 31 73.59 91 0.88 77 81.09 37 99.30 45 40.09 62 37.03 94 85.11 78 25.65 57 67.14 35 55.44 95 32.06 55 59.17 46 82.38 51 79.18 93 34.72 51 44.87 17 80.02 92 48.78 42 56.67 24 70.42 38 74.16 50 86.29 27 50.59 57 41.96 45 27.40 30 29.96 11 66.38 16 79.97 62 68.59 19 5.01 4 59.21 35 42.56 72 34.68 15 85.88 85 12.30 94 19.71 71 76.18 48 42.50 27 96.55 93 92.24 3 93.62 108569.77
13 73 99.09 43 77.92 66 40.32 39 99.37 7 89.54 20 5.80 26 26.83 91 13.36 67 0.46 19 84.53 19 3.89 54 43.59 55 33.02 49896.74
9 9 51.14 24 89.41 41 56.49 52 37.49 71 83.21 44 45.99 51 56.39 43 94.74 74 4.68 168759.50
31 63 34.08 86 25.95 45 0.89 52 30.55 2 74.25 2 94.47 93 71.67 20 30.68 20 39.00 63 30.16 66 87.30 96 53.47 90 4.02 83 45.11 85 40.80 53 80.70 68 95.79 88 90.16 38 38.10 8 50.10 88 29.21 72 72.71 90 44.17 61 6.87 40 39.71 42 63.86 16 58.30 90 90.39 77 42.39 11 71.39 10 21.29 113499.03
87 91 45.50 86 93.97 93 76.06 58 3.26 12 40.45 20 56.10 80 49.47 21 49.56 14 91.15 70 59.82 11 46.97 6 40.70 85 32.10 43 23.88 7 34.74 97 31.29 45 87.32 55 25.30 73 1.20 84 1.40 13 18.44 18 81.81 16 43.73 22 48.95 41 10.64 99 62.92 34 21.94 61 0.57 23 60.64 67 21.70 69 29.46 32 13.08 95 24.59 16 91.89 78 48.18 42 24.11 90 36.43 52 65.29 72 64.89 8 97.89 70 77.74 13 62.38 69 70.94 68 12.75 11 8.25 6 27.98 43 26.68 37 22.19 13 76.67 8 69.56 99 69.46 22 19.28 99 30.52 18 81.26 51 81.53 81 72.51 66 68.60 69 97.96 12 30.81 30 3.47 35 69.54 59 89.15 76 15.70 33 50.74 4 46.77 43 81.83 53 40.18 39 41.03 85 50.66 73 59.38 15 79.06 98 9.74 55 14.75 71 59.05 16 11.23 91 60.63 66 66.44 66 11.12 30 58.82 11 90.79 43 10.96 58 3.93 43 85.88 82 95.77 21 35.29 8 10.23 49 37.15 186769.02
96 3 68.92 68 37.24 19 77.06 6 60.16 76 83.11 8 42.50 69 80.50 27 70.23 6 38.04 58 62.03 60 56.58 85 63.74 30 31.97 95 40.19 8 25.03 91 19.79 87 34.63 42 16.01 94 80.48 13 12.68 74 71.67 88 98.08 23 39.81 29 60.22 34 45.87 90 63.21 81 21.45 78 4.89 2 92.75 9 45.22 34 78.07 22 84.65 11 38.25 38 10.76 58 38.33 28 56.40 32 85.62 20 90.77 63 36.42 7 56.41 15 95.21 7 35.09 37 26.31 84 71.70 85 21.29 16 97.33 5 9.77 18 58.98 51 3.10 61 18.94 85 87.26 76 59.17 2 27.63 9 83.35 35 79.66 80 51.56 57 74.12 41 78.16 77 91.86 50 9.31 54 88.01 81 45.84 26 84.51 77 12.97 27 40.34 53 65.01 93 9.40 28 48.80 92 6.78 9 29.30 96 98.66 34 8.17 96 5.64 73 68.84 36 78.98 3 71.99 74 65.32 60 98.28 18 92.34 89 73.98 39 55.37 81 66.24 45 71.96 26 65.30 18 1.50 44 97.54 53 14.39 48 3.39 42 16.23 98 11.96 22 12.05 62 76.90 73 74.73 86 21.58 50 83.62 42 74.85 195152.27
60 92 20.61 86 60.46 19 16.62 46 57.94 34 27.95 16 97.27 2 86.44 31 76.52 17 57.43 79 97.75 54 4.09 12 75.68 39 43.93 4 85.28 24 89.17 9 60.97 36 93.91 19 7.35 49 86.08 12 98.52 74 35.70 82 18.14 46 76.93 47 79.72 54 74.15 47 45.79 64 38.83 34 33.66 50 34.57 93 11.57 98 79.95 14 1.46 23 7.70 43 68.69 19 39.41 45 15.21 10 64.50 53 77.99 9 92.71 87 70.44 65 82.31 12 10.76 15 98.12 88 51.88 43 77.86 63 70.59 68 45.03 21 88.81 14 83.25 30 89.36 44 47.35 57 41.63 91 3.75 65 9.58 8 99.19 99 93.70 23 33.20 62 58.65 86 12.39 36 38.65 130944.87
39 87 36.35 15 99.32 51 39.08 29 96.72 28 54.56 36 82.44 46 60.29 83 24.80 3 5.99 67 42.33 44 36.51 74 73.14 62 43.77 84 70.54 27 15.19 65 45.69 46 11.90 45 23.12 9 75.82 80 99.15 97 36.91 73 2.10 94 24.20 82 22.01 24 11.61 92 67.66 49 89.43 35 44.52 77 66.06 31 34.45 15 76.67 3 92.06 25 82.58 5 58.71 61 28.69 66 72.27 15 6.40 43 13.50 44 94.30 197119.52
8 22 20.46 60 42.16 73 15.98 67 50.10 59 32.33 62 95.06 13 94.65 47 84.83 11480.29
23 76 86.44 74 63.25 86 53.38 31 2.21 33 1.91 95 1.17 58 68.11 33 16.66 71 70.42 10 92.39 83 14.88 10 4.64 97 55.43 61 68.29 30 5.13 51 31.44 25 2.70 87 2.18 2 84.11 74 97.91 48 81.54 6 17.65 59 37.67 193532.04
59 86 92.90 31 11.09 90 18.24 84 32.55 7 61.54 4 80.56 51 69.96 47 89.91 87 86.70 33 66.88 49 86.00 32 96.26 35 2.55 27 75.41 67 34.20 91 28.71 89 6.63 77 54.59 63 75.78 26 96.83 31 75.74 33 58.67 67 99.96 81 22.15 71 57.30 40 36.63 77 8.18 46 33.05 71 68.75 5 94.72 98 56.59 90 70.74 11 84.69 73 21.90 67 77.82 69 51.78 37 27.95 32 66.17 32 33.08 7 80.47 4 96.02 98 21.20 95 7.33 31 8.38 94 34.77 81 8.50 59 10.91 80 0.54 94 48.26 82 3.55 88 13.12 55 67.58 67 58.36 21 10.63 35 50.34 71 29.69 9 25.52 53 34.61 85 7.93 6142.83
48 56 37.12 17 65.76 10 39.35 86 56.94 3 12.22 82 94.37 9 83.95 87 37.49 13 48.82 93 72.92 22 44.43 6 23.32 56 53.67 16 63.42 95 97.48 15 9.85 64 40.65 4 44.83 93 86.35 90 23.91 20 4.63 38 64.37 27 30.07 24 88.00 18 15.17 76 37.24 2 45.43 68 28.83 51 93.19 4 51.68 38 15.89 39 82.10 54 16.03 64 83.31 50 27.72 92 15.25 79 37.89 53 22.22 39 19.93 51 41.46 21 7.54 98 78.12 46 28.25 62 71.98 30 78.52 56 18.91 54 47.04 81 66.04 67893.07
68 16 66.87 46 33.86 24 22.05 30 79.38 16 26.70 56 47.67 69 83.27 81 81.96 91 35.39 80 56.91 90 70.96 87 34.61 36 60.24 6 40.44 64 24.86 45 39.43 53 51.70 30 19.59 23 87.75 99 81.24 78 79.60 26 58.65 56 69.90 4 96.35 72 23.46 77 33.11 50 99.14 29 83.29 16 57.52 64 3.13 39 93.75 18 34.12 4 7.60 21 31.88 71 32.21 76 1.60 43 4.04 12 47.30 34 44.56 32 32.03 64 50.12 84 10.54 82 76.41 58 3.95 27 58.73 15 92.70 23 81.43 4 41.06 90 37.07 85 26.27 77 30.87 92 54.13 78 80.03 6 51.06 11 75.17 15 85.68 83 96.86 78 70.80 65 86.33 2 88.30 48 2.58 59 55.53 93 8.50 27 44.69 90 13.08 88 39.24 86 34.11 12 28.68 12422.01
37 20 66.71 33 78.65 58 14.32 59 36.37 23 26.57 13 61.89 82 57.51 50 61.34 66 22.85 86 69.01 2 10.41 12 21.82 26 25.32 38 66.23 45 25.24 35 17.09 89 57.64 87 83.28 52 5.21 24 12.37 1 54.25 70 83.01 91 96.09 33 41.24 44 52.38 95 25.16 25 44.38 99 53.31 68 73.51 29 36.09 24 62.12 93 75.97 89 97.23 24 72.98 55 90.67 2 99.85 89 28.74 54469.71
88 59 71.38 27 98.27 34 64.26 57 11.71 44 85.08 77 58.78 6 42.21 82 35.44 74 54.00 97 68.47 65 71.63 24 23.38 52 83.06 9 0.64 49 31.81 72 63.87 56 95.01 32 73.98 71 61.21 37 40.33 12 77.73 87 40.28 39 2.94 50 54.20 54 11.98 94 94.37 24 92.04 77 46.63 49 10.99 8 71.79 5 19.14 7 34.85 49 92.33 17 77.65 27 36.06 98 43.55 56 62.24 16 22.82 80 1.69 25 84.87 79 44.41 68 36.97 33 0.89 37 62.11 57 54.03 46 88.49 75 53.06 8 32.44 18 97.35 78 97.44 11 96.70 52 0.66 44 59.11 25 31.93 47 58.82 51 49.52 33 58.17 23 71.63 51 64.84 39 90.34 17 37.84 75 55.27 30 81.47 49 89.28 5 13.64 55 55.00 86 0.35 48 7.12 9 28.80 57 23.15 76 58.07 81 87.14 26 99.86 62 42.97 26 48.93 3 29.01 79 56.26 47 98.05 94 8.08 51 54.22 71 12.84 16 10.11 61 51.75 11 19.10 86 18.79 46 38.28 23 84.51 7 58.52 155475.16
11 27 87.80 11 62.70 49 71.21 20 71.71 98 92.49 27 85.08 2 99.71 30 9.00 47 12.93 81 74.46 51 28.69 36363.22
7 51 96.58 93 29.23 55 59.35 63 42.71 93 10.84 20 91.65 81 30.03 184228.75
68 27 55.79 97 8.69 47 38.49 42 51.13 98 56.54 23 15.00 9 82.28 6 31.53 35 77.08 65 51.45 4 97.73 75 86.83 10 92.15 32 65.56 77 44.60 91 55.42 30 20.19 95 69.42 66 56.52 55 14.44 1 10.32 52 52.60 45 89.67 52 33.90 68 0.46 25 32.42 7 17.73 14 21.42 82 87.57 4 72.98 36 96.39 54 23.69 75 22.45 4 98.49 77 84.26 78 98.38 84 44.69 12 77.79 62 30.72 25 5.05 8 77.71 64 44.19 88 62.41 94 99.45 43 52.15 12 71.88 89 57.11 29 76.62 27 56.98 86 0.46 95 53.44 3 99.88 10 38.68 82 89.41 55 27.94 95 23.66 30 52.20 52 59.51 63 49.60 99 59.26 3 63.33 33 89.95 98 40.25 90 94.77 61 38.05 41 32.45 57 2.07 27 56.29 161860.66
86 38 44.29 11 92.32 41 59.30 77 71.80 13 66.67 12 72.53 3 78.81 4 31.12 22 20.16 55 26.90 26 1.42 43 30.91 32 61.82 86 84.18 23 52.91 56 69.13 52 14.31 58 22.96 49 98.97 84 99.54 91 41.20 32 66.00 11 7.23 62 6.13 12 57.51 86 83.57 23 30.12 89 81.99 59 30.45 37 83.31 60 89.60 59 8.32 45 38.69 94 91.03 76 16.30 36 96.91 82 31.71 77 70.21 63 74.74 47 68.15 31 39.34 32 41.69 24 88.96 67 65.55 44 97.17 44 86.75 55 76.80 57 50.81 71 63.82 13 97.13 74 75.17 20 62.03 61 72.93 27 45.64 89 48.44 29 26.94 68 35.22 71 31.21 1 59.27 34 16.80 13 62.49 27 83.21 28 73.42 95 32.08 79 39.15 22 83.37 41 28.58 55 86.33 72 41.76 59 44.54 2 9.68 73 69.35 53 59.24 31 21.38 9 29.23 30 39.55 13 95.61 60 47.69 71 5.56 20 74.93 68 8.10 63 32.12 32 44.60 27 43.00 84 12.18 4 41.27 51379.93
98 79 53.94 62 9.39 45 87.82 96 24.53 62 36.27 86 51.97 37 2.43 76 57.91 69 82.12 65 66.33 27 20.37 15 22.20 2 63.50 48 89.41 22 99.73 67 49.68 2 67.94 34 72.90 60 97.91 79 83.64 21 25.25 42 44.91 47 70.54 54 31.40 96 79.08 46 91.04 45 13.39 36 57.28 5 30.25 23 16.91 46 15.49 17 17.11 11 82.94 32 37.94 78 92.20 95 29.61 91 25.98 51 84.69 95 86.13 64 56.91 12 77.14 20 42.12 33 37.84 98 64.69 84 77.46 94 77.78 85 45.00 70 98.00 56 38.57 70 73.27 93 81.09 53 51.64 64 66.83 71 94.34 33 63.59 63 62.51 61 45.95 95 34.21 95 67.20 13 59.25 20 42.61 22 60.49 27 91.44 40 75.18 3 51.98 93 53.65 13 26.19 42 28.24 79 86.51 41 86.37 12 84.74 35 24.04 92 99.71 63 63.12 46 90.52 50 50.33 90 1.29 15 27.59 53 14.51 22 95.92 2 36.28 79 69.84 54 72.56 22 13.27 17 37.10 68 7.54 89 47.28 6 75.42 40 24.94 76 55.66 1 48.58 77 51.37 39 52.60 47 85.23 53 17.87 25 42.08 14 74.63 90 23.76 194905.69
32 8 35.52 68 78.69 81 30.51 33 80.08 55 16.83 85 55.31 89 59.59 75 94.87 88 75.53 89 55.02 89 25.51 94 67.21 34 82.95 92 48.82 63 93.63 61 39.21 71 46.81 41 48.47 4 54.61 58 11.69 78 94.20 68 84.33 53 56.62 68 48.41 87 51.71 74 87.30 38 2.36 50 61.93 88 7.89 82 92.30 41 77.31 15 94.27 41932.61
50 50 10.54 48 82.47 40 53.07 64 3.86 11 0.56 84 69.75 34 23.44 54 18.07 32 68.92 32 93.05 95 33.17 2 7.26 88 22.84 82 23.71 75 79.77 63 61.96 21 72.08 62 6.81 72 12.83 79 75.04 4 58.30 29 20.74 96 12.33 98 6.98 9 20.38 14 1.60 56 28.79 68 78.69 41 9.69 72 87.17 16 66.40 77 69.11 33 54.03 85 70.88 6 10.37 84 46.27 90 8.66 15 8.19 94 34.91 36 19.50 32 22.73 2 99.43 77 47.69 26 32.05 4 61.24 71 88.32 26 73.38 19 38.50 96 76.03 6 92.69 42625.35
68 94 44.95 20 91.77 50 48.61 32 50.83 43 62.34 93 55.28 70 16.00 13 11.96 20 97.34 72 25.95 91 37.19 81 79.07 28 1.84 88 8.77 76 1.80 96 10.84 12 84.64 92 36.13 54 78.56 97 90.65 37 48.87 3 22.86 91 90.84 29 5.56 50 55.87 29 85.71 21 89.29 88 88.22 4 99.27 81 39.47 45 35.89 22 35.82 10 0.23 13 33.41 93 79.28 99 2.49 17 23.20 12 26.57 75 28.37 10 2.69 74 83.20 96 9.58 63 93.34 83 7.84 71 73.44 84 10.30 5 37.03 52 59.59 26 47.04 77 75.23 53 74.14 26 42.81 33 16.63 57 73.78 99 34.75 5 85.14 74 70.15 25 88.91 99 86.04 25 66.55 30 99.41 20 2.99 71 9.55 41 6.16 22 25.53 53 74.94 77 62.49 78 79.87 106441.84
36 50 93.61 6 98.89 67 44.52 63 66.37 73 40.15 47 92.13 31 79.51 58 79.09 49 21.67 89 73.01 22 91.63 3 17.25 23 96.07 60 11.90 20 63.83 57 65.28 64 61.53 54 12.08 37 25.02 9 12.13 77 48.38 44 12.09 25 85.48 46 31.67 48 2.90 40 21.11 37 30.05 65 19.36 81 39.34 59 17.43 52 64.77 49 90.29 30 39.72 84 30.20 3 21.38 63 29.68 143342.02
57 84 51.64 89 29.08 21 17.62 56 75.73 22 0.01 42 67.45 99 99.15 43 73.07 53 15.23 70 60.91 49 66.23 11 78.05 1 43.44 51 89.18 45 39.63 72 22.73 9 51.32 86 82.18 32 42.80 53 81.53 6 7.76 67 82.57 63 25.89 74 53.36 73 76.07 63 11.07 7 86.75 30 73.89 44 95.42 83 25.84 1 52.85 26 0.49 56 51.47 1 38.77 46 53.41 38 55.28 73 94.08 99 66.41 85 31.21 51 80.07 93 84.27 30 42.28 61 52.57 71 88.24 89 21.92 77 56.82 5 16.11 44 81.88 57 50.76 57 16.63 7 19.85 63 39.71 84 75.02 64 59.12 24 24.47 57 17.04 67 78.71 32773.69
66 31 29.18 74 57.15 36 31.97 3 75.74 21 96.03 29 72.75 56 92.79 9 71.07 74 23.32 23 74.51 28 22.65 50 37.79 28 72.52 67 2.18 47 90.15 75 6.37 66 35.92 79 48.30 53 9.73 78 22.32 21 75.42 47 24.59 93 62.07 24 23.73 84 89.71 8 48.68 42 81.77 93 33.63 18 50.54 12 4.73 84 31.97 91 28.56 29 24.98 60 60.60 61 54.77 37 78.12 69 71.05 40 36.95 88 48.46 77 64.31 31 80.67 94 31.15 42 71.51 20 37.00 35 27.22 52 53.92 91 12.04 41 27.05 64 28.38 91 13.29 20 37.42 46 27.08 78 60.22 34 75.84 21 42.98 78 88.40 87 48.18 42 31.89 73 26.39 57 4.84 11 48.36 25 80.04 94 7.48 53 95.98 41 90.81 28 12.54 69234.56
37 34 42.65 28 27.27 20 2.84 80 96.69 69 70.47 92 67.21 64 22.55 33 12.97 30 75.83 18 73.12 51 41.77 33 99.54 30 18.99 70 31.15 60 48.40 96 67.06 50 3.98 64 57.77 75 91.46 78 7.15 53 11.09 60 23.71 9 36.97 58 41.18 96 82.78 28 10.30 4 70.45 73 35.50 59 6.06 84 50.25 33 82.76 95 13.89 99 14.63 52 30.42 79 96.20 43 0.02 57 14.07 22383.14
53 60 25.11 32 0.07 39 3.73 89 49.77 68 66.05 58 19.08 46 52.58 74 51.04 47 62.99 91 66.17 2 72.81 3 64.28 39 17.49 94 14.06 91 48.67 14 39.68 5 87.43 40 73.17 37 1.33 55 34.02 35 42.43 4 63.73 48 48.23 29 9.70 77 3.38 18 41.80 81 80.67 80 5.29 88 29.34 96 30.14 6 30.13 31 57.84 96 92.24 29 58.45 51 17.17 59 2.35 5 70.55 99 47.62 82 10.14 59 34.21 42 10.75 52 19.35 68 5.56 63 98.99 84 54.55 65 51.17 36 39.52 42 96.73 68 81.85 32 60.04 86 83.32 47 44.22 22 82.36 14091.69
3 62 45.24 28 59.88 23 54.15 193155.27
74 89 73.43 98 59.61 55 86.45 1 61.90 42 11.59 94 12.26 81 18.35 92 38.84 39 89.02 9 69.68 63 3.45 87 18.66 17 71.75 11 5.06 79 5.31 39 30.91 95 54.06 84 72.72 61 94.30 65 77.67 4 68.08 86 66.18 72 65.35 10 31.86 67 41.65 14 85.53 87 32.91 74 44.77 49 0.62 5 23.14 63 11.93 41 3.65 49 0.50 91 71.94 79 54.74 44 14.83 43 85.54 70 55.16 50 92.12 51 21.33 12 93.61 17 65.43 17 75.21 76 64.14 10 64.40 91 59.90 31 60.37 91 80.97 49 73.33 24 73.87 31 43.19 73 52.00 23 35.02 59 79.15 25 33.36 45 37.40 89 18.19 4 62.20 8 16.28 85 88.40 4 92.49 50 37.26 81 56.21 81 49.83 64 52.10 76 90.77 32 69.80 56 0.97 95 49.09 15 24.49 15 5.33 47 75.90 50 52.97 24 45.88 26086.39
13 73 93.90 9 7.28 99 58.42 53 89.05 19 46.99 20 17.79 92 23.95 11 8.95 57 66.47 39 27.30 5 58.44 56 90.17 44 74.05 126118.07
27 96 91.90 20 18.98 96 93.04 89 50.97 58 69.89 1 79.83 27 58.16 82 60.46 37 21.85 5 4.64 30 61.54 76 95.85 51 58.71 38 71.62 74 79.07 13 89.89 92 74.31 39 87.53 4 92.84 74 35.69 11 8.60 27 76.77 94 16.33 57 95.73 24 37.07 69 6.60 7 26.85 4677.66
15 97 25.13 51 53.62 23 7.28 84 94.77 23 20.81 77 35.61 72 93.96 14 50.14 53 75.66 61 41.08 29 53.32 33 31.83 32 86.15 99 75.77 70 63.10 21646.11
12 95 67.46 13 46.02 93 55.73 44 34.27 62 88.77 57 17.08 11 81.58 1 76.33 15 32.55 28 1.79 63 21.53 15 97.47 170604.67
74 53 75.53 53 26.00 24 27.11 33 98.61 6 81.99 21 74.45 9 51.61 87 67.78 97 65.23 72 32.70 45 4.28 30 2.90 86 47.29 63 97.28 66 91.55 40 98.25 38 94.33 22 17.48 75 3.44 80 20.46 2 17.37 87 79.78 42 84.97 34 83.32 75 37.19 34 77.85 51 83.64 81 97.24 33 76.02 56 78.26 36 91.86 7 83.63 9 44.45 97 1.34 71 3.45 21 45.76 62 66.62 69 70.76 99 84.72 65 97.46 70 66.45 50 37.21 27 25.49 5 47.45 57 43.16 95 99.42 39 99.45 84 36.33 51 94.13 50 44.32 46 25.52 51 82.10 20 84.61 47 7.50 46 40.81 79 48.76 18 90.24 46 47.81 88 89.59 65 22.11 98 82.89 2 59.44 38 4.32 65 70.47 59 64.54 54 1.61 92 83.18 10 32.42 57 19.74 42 48.64 10 66.73 16 64.48 44 3.85 86 55.20 180633.24
83 24 37.67 18 31.29 38 10.37 37 42.68 25 6.27 97 61.58 28 77.98 49 27.98 52 95.37 72 44.57 71 74.51 68 74.28 24 93.91 61 93.86 67 7.79 70 99.01 17 77.68 74 10.71 16 62.10 74 21.26 34 79.19 12 36.06 88 95.79 81 39.97 30 33.79 44 72.62 56 9.06 11 81.89 98 93.62 28 48.29 82 64.02 54 19.70 77 75.83 54 70.70 32 42.72 21 0.59 16 95.13 90 75.64 61 42.52 65 43.30 44 90.95 94 44.50 57 80.28 57 89.33 1 46.03 67 64.47 77 21.47 19 87.12 99 37.30 8 40.56 97 76.82 57 96.69 40 73.34 2 48.17 99 77.85 50 25.66 36 34.07 96 25.11 49 4.57 42 81.54 57 44.70 37 0.40 33 68.28 50 63.80 73 3.11 15 24.88 30 15.92 68 97.45 18 53.36 92 91.03 92 79.36 10 88.61 55 28.34 60 49.76 67 27.45 12 0.54 57 2.95 60 81.73 47 78.88 95 62.19 30 21.82 12 95.88 10 30.39 188703.99
26 14 70.74 68 68.15 10 38.15 2 37.87 94 35.93 98 82.80 81 91.58 63 35.74 74 38.25 82 28.73 44 71.27 85 12.10 75 29.49 82 82.81 5 22.45 93 53.53 4 37.05 62 93.47 23 49.38 87 41.74 12 80.28 21 49.54 55 71.58 75 28.50 62 35.67 47 61.37 100434.19
82 56 69.32 44 99.76 84 84.34 35 50.80 84 41.27 22 88.41 41 58.12 31 78.05 16 11.32 19 16.76 30 29.06 99 55.33 78 68.78 27 86.40 87 10.27 67 18.58 10 91.53 90 73.94 15 81.55 18 42.04 86 34.49 63 18.01 71 9.17 6 56.17 41 16.67 51 5.65 34 95.70 19 35.82 19 37.29 39 72.02 60 86.53 73 36.87 56 79.80 56 54.36 97 65.53 70 86.41 3 66.30 75 91.95 61 50.80 53 19.93 84 90.88 17 96.09 68 32.88 50 37.24 20 25.40 78 25.11 13 87.91 58 39.58 91 43.07 65 95.95 76 5.74 53 59.64 13 51.91 19 21.79 76 44.05 93 41.93 83 84.85 9 98.95 89 40.62 45 74.16 66 46.46 83 81.23 50 29.16 15 0.92 46 36.28 80 80.05 90 97.55 72 34.24 97 36.72 34 43.00 80 93.72 55 60.21 58 51.73 34 2.02 16 21.39 29 58.63 81 61.38 56 38.02 69 61.36 11 50.83 64 31.26 56 5.61 66853.46
54 30 60.79 33 68.05 52 86.85 97 85.27 10 25.50 88 75.34 8 57.34 96 8.25 20 67.19 37 43.94 67 46.64 62 44.11 82 94.65 26 9.74 35 20.21 91 76.96 7 24.18 75 63.47 99 75.21 53 75.42 12 64.28 34 22.99 31 25.94 43 60.27 31 72.07 36 98.40 80 16.56 10 13.56 69 31.96 42 60.93 51 88.01 2 89.80 79 30.48 68 28.26 6 84.59 31 38.82 20 40.13 60 68.73 66 41.98 81 29.02 48 29.83 93 28.31 85 62.37 47 31.16 90 15.57 22 26.17 42 4.03 9 36.48 75 82.04 60 68.05 74 1.90 81 61.04 44 86.70 49 4.12 135296.61
54 33 1.60 15 6.07 20 57.61 97 10.47 93 81.52 67 17.96 53 35.97 1 2.51 8 97.37 77 61.78 82 63.53 16 39.41 51 1.20 77 79.10 97 3.55 23 2.18 92 49.04 69 83.26 92 97.46 24 58.22 31 17.19 38 79.42 41 7.65 28 66.35 53 94.15 58 94.35 97 16.46 85 3.80 9 37.81 67 95.99 10 87.90 7 46.71 70 12.21 42 4.05 76 35.42 37 69.94 43 98.33 56 64.64 34 97.94 46 41.34 46 79.55 52 9.03 72 36.30 6 37.72 35 52.06 52 31.24 82 53.28 26 62.05 91 78.97 82 80.11 78 90.59 17 94.01 75 11.32 99 21.87 199876.62
19 15 24.55 1 93.24 55 14.31 72 73.28 99 16.15 72 0.50 19 70.75 91 7.92 81 63.24 91 83.08 60 53.82 62 7.84 11 75.44 72 67.04 95 84.90 95 42.93 80 45.64 38 90.49 47 99.12 46081.49
12 89 24.16 61 9.35 2 91.80 52 94.22 73 44.54 39 85.63 64 39.54 53 69.42 69 0.61 4 85.70 62 39.01 40 55.47 112980.28
99 63 59.13 85 42.50 45 83.82 66 43.88 73 76.86 68 82.73 98 13.55 17 31.40 92 19.69 40 32.75 82 88.99 95 16.18 65 31.27 11 36.22 22 10.32 29 31.04 47 27.90 95 67.87 12 55.99 93 41.26 5 82.72 8 2.83 15 17.40 91 60.74 7 53.05 7 95.52 98 7.02 80 12.91 30 15.44 80 82.47 97 26.54 25 83.11 74 15.84 99 85.91 55 18.97 92 33.14 80 89.04 96 7.94 21 7.38 68 43.59 64 15.22 62 49.41 48 86.79 6 80.20 73 34.70 18 46.87 87 29.83 56 14.12 37 17.47 77 11.12 87 5.66 40 30.24 43 51.15 19 68.85 56 49.15 55 76.23 41 90.98 31 25.27 16 70.64 52 1.34 65 89.46 90 2.57 90 16.03 19 22.19 39 46.11 52 24.45 78 11.95 77 51.06 65 31.53 99 39.37 33 20.20 20 29.80 88 91.45 43 12.91 81 17.16 95 2.75 68 49.50 1 21.22 34 56.64 64 87.54 13 81.37 59 51.62 34 52.06 76 78.85 90 92.30 77 63.12 66 61.71 32 65.64 36 64.33 36 78.56 83 50.59 23 57.72 7 94.20 16 63.75 73 33.39 47 39.51 19 55.78 37 92.31 66 8.38 20127.54
81 89 26.80 39 2.40 71 31.35 41 92.52 81 84.02 96 18.54 42 23.35 80 11.06 55 95.37 54 56.77 88 73.63 69 79.23 85 51.25 31 59.63 3 26.92 57 1.23 24 10.52 3 79.90 25 7.87 57 25.38 2 46.95 63 36.35 24 31.05 44 64.76 95 62.80 58 63.70 27 43.92 80 49.63 46 4.31 56 82.77 57 39.41 45 39.65 11 77.21 39 52.34 43 15.88 29 59.41 82 10.18 49 51.37 54 5.51 32 33.33 99 28.57 52 60.18 76 22.51 8 37.54 47 15.59 13 38.65 6 31.59 74 61.58 51 44.90 88 48.24 55 46.56 87 96.39 31 76.84 60 44.85 41 63.23 89 20.49 67 62.93 48 24.67 62 82.61 40 77.33 34 40.83 44 32.92 82 1.77 76 85.37 58 63.88 84 75.08 66 49.59 96 22.27 8 19.44 11 72.18 97 11.54 34 90.41 99 32.77 90 67.06 59 33.83 48 96.63 44 1.69 55 70.42 76 87.83 53 60.21 61 14.19 57515.65
25 66 72.79 70 8.73 5 62.15 1 73.37 53 87.04 34 95.88 87 57.87 30 27.66 77 25.86 68 0.95 36 96.66 24 37.73 6 52.32 20 13.64 34 6.69 82 9.47 26 98.27 65 84.13 79 18.02 88 30.62 95 29.25 29 36.30 33 6.30 74 88.46 14 34.04 80651.32
29 23 78.24 4 90.99 75 72.16 63 25.47 55 17.12 59 20.05 34 5.10 7 13.79 90 0.42 36 36.22 54 17.17 25 11.42 16 80.71 3 9.84 85 86.19 81 32.70 69 43.74 38 80.57 36 25.87 76 92.45 95 8.85 23 66.48 15 38.81 22 7.64 81 49.05 45 14.63 29 32.97 64 89.23 44 27.46 136486.18
52 25 78.59 78 58.01 30 5.64 38 60.51 78 78.34 36 57.11 14 92.78 27 8.68 56 11.56 42 9.40 34 56.91 43 14.88 7 70.87 48 57.93 54 80.74 63 74.89 69 4.27 43 25.85 85 4.65 86 99.11 45 40.70 44 78.23 84 62.02 12 6.95 7 49.94 55 66.39 69 73.93 33 35.32 28 15.73 64 10.20 14 56.17 36 86.16 13 22.69 99 54.88 32 87.48 49 29.46 60 45.08 18 33.29 14 31.05 15 13.39 91 60.02 59 50.37 35 10.31 76 43.81 70 78.41 17 95.88 71 3.82 17 96.42 49 7.72 8 30.84 95 26.29 44 62.77 120034.78
75 49 38.27 44 14.15 36 45.74 96 75.37 27 46.67 85 43.10 59 63.55 80 71.50 74 35.81 12 21.40 36 26.98 42 81.94 83 76.69 96 36.37 75 82.96 10 46.72 34 47.81 42 10.48 54 19.74 40 49.48 90 57.11 87 73.92 65 79.62 3 53.85 66 82.86 93 93.82 86 69.06 96 52.71 55 53.75 68 39.97 24 33.73 47 41.38 88 98.96 18 10.90 44 44.26 65 10.03 93 56.23 22 4.06 37 27.88 84 1.51 35 45.27 93 36.08 56 99.97 16 7.20 81 0.34 37 79.00 27 28.88 13 96.67 83 2.35 14 5.69 48 99.55 96 96.93 90 73.57 5 51.84 59 13.72 78 59.59 29 5.39 96 73.26 1 18.51 99 30.98 87 16.19 81 23.87 5 34.14 78 50.34 42 20.71 95 14.45 43 98.44 52 53.10 59 8.61 46 49.74 90 23.84 97 11.68 33 92.38 25 77.42 27 8.05 124655.14
81 40 23.90 19 30.69 99 15.13 88 27.28 54 55.39 31 78.57 42 47.18 81 46.10 10 59.88 88 7.65 76 90.05 29 46.88 18 50.29 75 66.28 50 64.19 40 22.14 8 60.00 81 99.42 51 39.69 41 58.16 7 8.05 97 7.92 51 36.71 18 46.89 7 64.63 88 79.82 27 43.26 28 29.19 91 62.84 53 1.57 89 67.27 35 83.34 27 29.81 13 58.29 85 41.43 31 44.82 95 74.72 27 31.91 14 34.37 77 61.35 85 76.58 45 95.57 42 72.86 53 53.20 1 86.07 57 39.69 89 28.20 72 34.84 97 11.65 61 36.10 17 36.20 18 6.99 69 20.44 66 17.41 6 17.88 37 67.57 13 87.53 38 13.20 64 87.84 5 61.51 2 2.57 64 10.11 28 10.37 70 43.96 26 11.95 51 49.84 34 45.93 45 21.07 23 77.69 43 59.50 13 75.70 43 62.41 77 2.55 49 66.29 42 12.01 88 63.72 16 91.38 48 43.16 79 4.02 39 9.23 95 53.98 33700.15
63 39 79.50 12 2.90 29 75.59 30 63.06 85 63.38 15 25.09 30 17.61 91 79.34 96 75.17 76 58.73 88 25.70 89 2.11 97 79.25 59 46.19 95 93.56 16 51.77 84 86.40 81 64.59 90 83.92 28 43.62 75 93.66 72 30.27 48 56.40 50 38.06 68 75.49 2 19.33 12 2.59 28 64.08 23 5.70 35 89.48 26 52.65 76 55.02 89 81.86 30 35.39 59 11.90 73 45.99 75 23.45 7 34.79 66 22.05 46 37.68 69 63.43 60 38.99 92 79.56 24 4.46 20 15.08 73 30.55 58 87.86 70 30.11 81 63.07 27 38.91 89 67.15 92 4.73 83 43.79 94 47.00 8 79.74 63 44.45 59 21.50 8 52.47 47 45.37 46 73.74 41 69.13 14 1.17 73 6.15 179387.70
27 71 37.37 74 46.65 24 71.40 51 91.82 7 30.34 49 65.34 14 93.33 14 0.84 70 91.30 38 29.13 85 10.26 97 69.04 33 63.97 39 21.89 57 81.42 50 8.33 56 56.43 18 18.54 75 48.47 49 84.41 44 19.63 71 23.42 47 99.69 8 35.23 74 46.90 95 0.45 64 90.05 41617.67
95 9 48.70 76 35.33 29 86.96 19 5.11 44 58.35 76 57.90 92 67.69 43 55.48 45 93.78 89 63.58 34 58.74 20 83.64 27 8.96 4 90.97 87 52.29 60 29.66 31 26.92 15 1.66 87 63.89 10 52.57 70 0.45 98 58.42 69 53.18 32 41.00 89 0.05 18 22.35 18 1.36 26 21.14 64 91.83 65 10.25 79 41.86 49 24.74 3 81.77 50 27.74 84 77.25 62 22.94 45 57.24 47 32.72 28 16.24 3 81.29 31 37.40 86 83.52 81 35.10 63 37.89 29 91.92 21 98.32 59 35.22 35 19.81 85 60.25 56 64.65 38 16.78 95 48.57 93 55.13 58 84.90 53 79.51 5 30.83 77 40.33 36 79.62 53 62.34 26 16.36 70 88.78 4 69.41 29 7.13 36 59.78 29 0.04 63 30.11 23 74.29 20 66.04 7 40.94 32 91.93 64 89.13 84 8.76 41 30.82 30 46.36 89 5.59 46 48.11 12 52.28 51 51.66 22 7.34 65 29.35 92 30.57 71 40.36 75 38.79 56 48.15 80 73.78 14 97.30 75 56.40 76 29.62 57 79.07 74 34.82 49 32.24 96 56.97 43 34.53 3 47.83 13 79.77 23878.72
60 12 98.55 83 67.68 80 86.52 56 78.68 23 18.04 27 72.56 88 42.51 10 60.31 5 83.09 29 97.28 45 16.97 97 60.34 57 88.26 38 92.72 45 8.20 30 89.07 95 19.38 12 81.41 8 97.14 49 48.87 10 67.97 78 79.14 69 96.00 45 76.70 13 14.29 59 2.35 83 13.49 71 41.89 64 10.88 43 63.77 66 48.45 18 45.90 72 60.38 19 2.38 48 30.30 63 34.82 17 8.02 1 76.92 53 60.96 78 77.48 84 45.88 91 41.97 3 57.10 56 40.03 89 85.19 41 30.23 47 72.55 60 58.98 5 6.25 4 23.93 18 66.85 62 57.95 84 82.91 13 42.28 52 75.22 39 11.59 30 64.29 51 60.77 97 96.90 8 63.34 188161.30
53 53 39.51 53 15.26 44 62.35 87 9.92 83 88.59 58 39.24 76 7.05 70 25.61 33 45.64 51 82.83 87 75.52 61 95.66 75 57.25 92 81.71 9 6.10 46 7.78 42 48.75 3 21.66 2 50.85 84 39.86 22 82.52 72 42.58 2 57.88 41 37.40 38 77.33 45 21.88 91 76.64 55 70.85 90 11.57 22 83.99 97 31.76 39 5.17 12 27.78 72 16.71 23 53.78 90 76.86 50 98.21 90 73.20 67 71.81 11 12.12 15 84.60 63 4.54 83 81.70 66 28.17 17 30.61 32 30.54 61 95.95 34 8.82 20 41.30 22 82.43 45 48.57 6 62.55 4 67.47 62202.17
45 78 18.13 27 54.15 40 99.07 84 40.17 20 24.71 97 45.92 11 79.92 50 12.23 57 51.79 71 77.11 45 60.32 38 13.71 45 47.69 36 10.41 91 53.92 94 34.11 84 51.59 99 89.98 82 78.68 13 92.40 47 21.87 87 2.30 38 75.75 42 79.57 60 26.07 5 14.57 58 10.57 73 59.67 13 44.97 21 40.90 48 50.70 51 51.49 96 68.11 47 49.13 9 84.40 96 75.51 47 44.82 54 54.10 62 47.71 27 11.83 91 62.87 63 34.84 45 88.41 83 73.49 24 75.88 2673.93
21 57 37.26 68 14.50 42 42.69 25 95.09 49 13.52 76 85.29 47 8.52 57 96.79 11 42.59 54 31.44 62 99.28 85 28.25 68 41.45 83 29.79 98 88.73 68 90.27 86 29.07 57 12.17 40 0.31 50 29.55 30 19.42 185710.18
83 8 30.17 76 9.70 9 86.62 4 61.23 77 13.87 46 1.58 6 69.20 30 19.17 72 6.64 75 5.46 18 85.56 90 96.54 62 48.59 68 96.33 39 13.45 78 93.75 44 61.81 62 19.49 7 81.24 91 73.27 31 98.88 98 24.55 75 6.10 38 40.63 21 90.35 12 65.48 96 44.50 62 77.59 51 68.97 87 19.82 59 82.98 12 75.60 65 94.45 53 32.99 10 45.73 47 73.83 60 39.13 39 74.18 58 1.97 56 17.74 33 65.76 16 40.73 32 81.80 20 70.33 50 68.21 63 96.86 66 0.85 57 45.79 75 85.12 89 83.89 39 11.01 55 30.52 10 39.08 13 87.87 10 80.12 45 48.79 14 70.65 78 43.17 74 72.59 24 1.23 32 24.50 61 68.38 72 26.69 84 27.18 5 65.97 35 96.83 99 11.80 48 28.55 75 69.26 19 98.39 94 68.83 84 83.14 41 33.82 49 38.09 9 17.72 25 21.21 16 78.93 19 30.60 23 4.86 39 95.33 51 16.07 33 61.76 3 14.20 48366.12
3 58 38.44 43 69.15 9 68.48 23908.27
35 53 29.14 10 48.63 98 1.38 23 6.12 88 2.59 13 95.30 72 61.50 32 4.70 59 12.05 22 6.89 28 57.07 59 23.68 41 58.94 56 4.89 16 55.81 6 26.10 21 7.17 66 37.13 43 20.76 21 36.65 72 16.09 71 43.26 86 76.57 35 21.53 4 79.18 87 82.75 1 58.90 15 14.31 6 97.97 93 85.16 76 93.77 68 24.47 73 43.41 28 26.32 78 94.24 16268.01
92 30 28.28 81 98.38 79 54.66 23 39.63 26 73.01 37 66.52 13 6.99 61 60.61 92 31.68 16 46.53 4 53.90 11 16.78 4 28.75 77 34.72 43 12.63 1 94.72 60 3.50 43 41.54 31 11.16 25 70.17 36 66.80 98 94.38 96 7.35 59 82.26 34 68.42 11 71.95 30 67.99 27 15.57 15 15.25 60 11.54 19 37.07 69 1.28 36 89.97 10 87.81 57 58.51 98 23.56 9 37.01 32 95.87 64 93.62 9 11.01 2 21.98 69 34.02 23 71.47 26 80.70 56 14.33 18 82.36 81 21.77 14 20.08 12 11.49 28 64.14 62 94.44 33 2.80 33 75.57 82 65.71 1 50.85 58 6.00 51 40.97 40 68.56 75 86.89 92 72.11 23 96.15 19 55.72 62 83.21 45 73.72 62 22.13 15 26.04 20 48.05 33 96.43 87 60.56 84 23.51 52 24.21 66 7.41 28 22.48 60 7.51 75 91.11 2 61.93 58 91.88 96 35.59 10 70.52 50 14.10 49 4.29 7 18.67 68 14.57 74 4.00 28 0.96 19 41.35 21 60.28 55 66.48 38 41.58 1 21.96 2 59.77 93 0.08 56753.92
27 55 37.94 93 89.89 66 42.77 32 8.18 95 14.83 37 15.33 83 77.01 71 59.84 69 9.89 67 73.00 99 89.79 41 49.72 19 65.48 98 27.13 48 33.39 61 80.18 51 60.77 21 24.67 99 55.45 43 74.00 1 41.74 51 16.45 47 46.91 26 17.48 43 84.79 98 21.57 62 64.44 9489.73
65 87 45.91 56 13.87 35 89.66 85 64.92 1 24.50 86 5.51 39 68.07 44 37.86 41 51.79 96 35.00 11 27.16 66 92.97 6 16.91 15 65.06 68 19.11 63 8.38 53 26.54 78 51.31 45 8.98 9 91.62 35 87.09 92 65.29 15 0.75 13 71.39 68 97.20 14 28.29 15 83.31 88 51.29 99 83.88 82 17.34 15 87.20 43 28.23 87 37.72 62 44.39 71 21.70 52 57.84 79 62.64 33 64.62 63 98.54 17 79.36 67 41.06 20 55.34 25 73.87 86 28.74 13 80.87 15 43.47 39 32.02 82 39.79 41 69.85 47 59.53 42 13.95 84 42.92 80 16.27 53 97.17 49 13.56 56 78.50 33 38.89 58 18.38 26 27.40 87 50.08 98 83.05 9 70.45 99 22.62 73 26.56 18 73.30 162187.16
77 19 43.78 46 57.46 88 42.00 97 28.05 7 23.46 34 84.78 31 41.69 77 90.16 25 70.48 99 1.12 94 1.63 13 9.63 43 91.65 50 64.08 44 86.97 86 74.18 47 8.27 44 74.66 89 76.96 48 71.50 45 15.01 58 4.87 67 12.13 92 17.27 34 88.80 53 41.52 32 82.39 82 72.86 2 12.54 22 60.99 27 9.76 60 85.55 85 39.07 23 78.39 35 67.58 69 74.50 98 68.27 62 39.37 22 23.39 1 67.02 83 68.80 35 79.23 48 38.22 45 49.72 32 82.46 50 6.47 6 43.60 68 54.27 18 57.32 33 67.83 28 87.46 96 2.42 76 5.77 5 80.27 4 95.52 88 65.59 49 45.83 14 74.90 59 36.90 17 2.92 24 84.86 12 50.14 1 55.45 39 19.22 53 8.02 30 83.07 2 45.30 97 29.62 56 31.92 20 44.56 87 5.80 98 16.00 66 24.13 29 22.37 62 45.68 6 82.25 23 51.74 197643.05
59 68 76.88 28 88.01 42 38.91 26 73.57 53 66.34 21 41.25 60 18.91 53 40.79 95 73.04 77 45.22 66 59.39 53 97.27 86 13.53 66 65.16 1 17.25 53 58.56 29 4.19 25 79.08 90 32.59 1 63.68 76 72.92 17 37.74 46 80.48 59 91.04 73 11.62 22 0.31 33 70.27 10 5.25 65 82.84 3 82.09 91 77.01 77 33.31 8 55.70 57 18.31 14 77.84 89 22.50 37 94.63 15 45.55 42 49.87 46 31.22 59 5.18 39 25.67 25 46.93 11 75.45 3 77.17 58 69.41 57 73.81 8 59.39 50 94.63 67 99.99 61 18.84 59 15.34 20 36.97 21 16.53 95 2.85 95 80.77 11 39.96 30 11.84 69 19.43 176888.07
74 62 7.10 71 89.22 50 75.06 94 71.79 6 79.88 88 66.30 72 22.32 48 31.57 81 7.18 71 74.09 69 9.27 98 59.44 22 72.06 68 97.50 73 13.82 69 1.66 37 38.32 67 9.06 86 81.58 93 93.01 95 7.11 41 58.20 79 51.41 39 49.78 46 86.51 96 50.15 61 42.43 53 15.42 46 95.32 50 19.39 96 67.88 64 8.19 21 24.62 95 76.00 68 7.34 21 41.75 54 36.51 75 75.61 32 78.49 22 59.25 59 13.22 31 32.34 70 69.90 57 90.57 75 88.49 87 40.52 34 99.21 84 88.66 2 32.80 39 15.13 1 33.87 62 14.68 48 55.04 31 33.35 56 60.04 71 22.62 23 51.90 37 61.92 83 23.86 81 20.47 38 89.55 31 5.04 60 40.05 30 10.34 96 69.33 27 51.21 68 8.20 79 70.73 3 39.45 31 35.33 78 18.75 42 30.00 65 7.21 70 23.12 147957.23
70 42 30.95 99 50.62 27 53.24 1 25.81 80 19.60 40 97.42 84 69.21 51 71.22 33 75.03 15 5.21 16 30.13 42 37.39 69 97.21 25 64.74 82 35.75 69 76.35 19 36.96 61 7.54 81 25.90 12 17.43 23 78.30 31 14.24 55 40.29 5 2.39 34 35.46 14 97.92 22 43.67 4 49.07 35 95.77 75 27.05 65 0.07 48 51.94 82 67.58 81 51.54 80 34.08 81 97.96 20 48.57 14 69.46 73 57.50 56 5.51 88 0.93 30 54.68 2 91.14 13 12.51 57 68.10 39 71.73 97 65.28 77 51.66 17 99.18 83 84.33 21 58.16 51 43.66 17 5.19 72 53.26 21 37.37 33 79.37 10 87.74 99 35.87 66 9.19 39 73.74 90 9.99 35 40.10 24 22.37 81 42.21 74 99.69 21 67.68 87 2.43 62 57.79 16 55.45 61 72.37 40889.37
9 44 88.63 50 44.79 3 55.25 10 48.23 69 61.54 6 18.01 74 2.57 30 12.05 92 6.46 39589.21
34 80 57.21 6 73.20 38 4.21 47 59.97 43 79.06 65 96.87 39 14.45 20 76.67 82 31.60 93 83.12 29 12.44 46 36.25 23 19.14 10 99.34 10 10.77 80 81.37 95 2.98 72 62.19 23 24.83 83 2.46 60 77.13 6 28.72 77 15.89 21 86.65 2 50.03 21 61.67 97 8.15 76 46.73 41 73.81 22 40.01 39 3.18 58 95.42 92 2.11 52 15.17 151659.29
69 15 47.49 85 33.01 12 20.95 60 27.20 80 37.08 86 19.62 77 41.71 95 85.99 81 1.28 7 2.42 10 6.05 63 55.75 79 32.43 99 85.33 66 10.77 39 98.97 78 29.31 24 10.15 90 49.84 3 50.44 74 64.57 67 71.41 3 20.71 41 5.93 71 38.63 35 25.73 68 58.01 67 47.85 74 91.88 98 92.00 14 75.60 1 34.39 29 87.67 37 84.52 27 11.07 98 41.39 78 96.06 65 49.85 40 10.62 81 76.64 72 37.02 85 81.49 52 34.58 47 68.03 20 85.79 72 43.43 54 5.54 84 16.68 54 11.42 81 79.82 96 83.35 31 24.18 97 38.07 66 28.97 28 6.55 20 73.10 12 15.74 1 38.87 48 45.70 16 4.48 81 65.38 56 55.33 92 57.49 51 9.51 93 25.28 23 6.68 91 2.22 80 98.08 99 21.32 75758.67
62 84 77.43 65 83.22 70 90.42 18 51.40 2 30.22 46 24.51 80 19.75 54 66.69 2 25.81 14 15.85 46 52.41 22 37.45 17 13.30 95 20.03 97 22.03 44 6.60 36 50.43 95 59.63 44 21.98 19 60.50 29 28.99 10 81.91 51 41.25 12 72.07 13 56.96 52 32.31 64 59.10 27 31.21 62 8.59 85 79.25 17 59.35 55 95.67 22 55.38 93 19.63 71 63.35 4 79.27 63 30.75 40 39.80 19 51.24 28 48.99 91 22.44 60 5.04 56 27.89 66 14.37 17 98.29 52 65.42 16 52.10 37 67.74 9 90.76 76 76.98 78 80.04 89 1.55 4 68.93 56 5.30 30 68.09 76 36.36 88 51.18 61 28.33 18 84.09 31 74.29 84 36.28 19 88.64 49512.20
41 47 68.20 97 23.12 25 5.26 98 13.88 90 51.47 77 97.24 28 44.53 64 77.63 24 70.19 74 83.27 66 93.55 90 83.34 93 78.17 69 78.13 21 7.18 98 85.25 48 17.33 33 50.64 46 6.16 45 89.90 2 99.03 56 67.93 70 61.13 64 79.90 48 39.36 82 6.65 96 80.39 51 7.81 18 21.57 85 8.23 16 2.90 48 81.73 90 77.07 15 57.71 91 39.74 49 76.53 67 54.31 21 9.17 28 30.42 47 83.12 54 2.36 77391.02
21 35 34.90 17 27.38 84 87.46 43 60.41 30 28.89 86 7.14 54 34.72 57 22.35 60 79.28 16 60.63 98 24.72 60 13.08 54 39.65 42 14.19 45 39.20 11 44.83 13 60.90 95 88.58 88 96.08 38 74.95 96 7.75 181316.41
63 55 41.96 72 18.13 73 7.13 37 43.41 24 90.78 95 20.78 47 94.95 88 43.39 94 86.58 88 43.61 92 83.29 80 51.97 97 16.31 78 73.59 86 61.67 94 68.96 75 73.31 79 7.55 70 45.12 1 41.67 95 5.96 63 45.24 46 33.25 64 7.11 75 19.04 76 10.09 34 65.71 75 66.51 44 99.35 89 66.86 31 83.99 97 34.51 34 40.86 13 94.75 64 94.78 6 34.91 2 22.47 22 9.92 40 34.27 74 93.57 63 0.31 3 33.80 33 85.03 84 88.98 46 86.44 3 13.35 98 52.94 95 16.89 52 48.28 88 4.12 7 67.35 85 0.37 88 9.91 14 89.61 3 12.29 74 67.23 39 66.06 66 75.00 4 68.43 10 53.93 29 57.30 24 58.59 9 18.45 105618.36
47 65 71.09 8 41.26 65 68.22 52 4.75 32 99.74 14 82.06 43 20.94 56 22.57 91 36.89 11 75.71 23 19.08 73 60.72 26 69.38 67 54.28 87 69.31 64 10.79 54 7.29 99 35.94 7 13.33 74 56.61 5 89.34 96 15.50 88 63.66 33 24.71 83 14.69 73 68.87 90 24.80 28 27.44 14 15.09 62 66.98 49 16.58 39 16.03 62 71.67 81 17.97 24 81.40 99 47.54 48 92.88 6 73.21 97 95.26 42 67.85 24 26.78 68 58.10 70 47.52 85 8.14 34 34.57 49 36.65 4 56.30 125515.25
7 88 7.19 63 25.39 68 28.83 25 83.98 78 30.59 89 46.93 83 77.80 92279.77
43 85 80.83 1 85.27 4 12.78 68 47.54 6 51.01 70 49.66 26 87.48 62 55.87 66 67.43 12 58.55 87 46.13 48 20.95 66 98.69 38 21.06 7 46.28 48 27.89 28 53.49 72 77.35 5 64.35 65 50.25 27 1.38 57 85.63 17 59.28 24 4.74 82 66.32 99 50.78 54 84.57 13 17.17 19 59.91 27 78.39 88 87.94 80 19.12 34 42.43 84 22.23 18 86.28 69 62.75 38 10.21 84 53.30 21 68.80 38 29.25 89 1.63 22 63.32 36 79.80 136874.67
93 65 52.63 35 7.00 52 70.59 11 77.65 22 20.73 51 52.13 60 40.00 4 68.02 62 11.63 63 89.51 33 4.62 45 30.75 9 57.95 52 20.41 21 79.13 98 89.05 21 34.22 16 60.99 19 75.86 8 29.70 13 82.29 67 31.93 41 95.59 30 50.86 87 77.86 47 62.06 72 85.04 87 56.58 84 93.04 48 32.50 23 8.11 15 5.12 63 47.96 66 38.85 22 92.07 66 29.28 46 86.86 19 36.14 15 25.48 98 81.24 10 51.28 90 44.07 5 8.98 10 56.64 54 29.76 77 93.12 57 36.03 90 25.20 33 99.67 19 75.28 90 79.38 53 89.87 29 42.17 44 46.50 72 36.91 75 3.29 99 24.61 6 45.53 61 85.69 50 21.04 74 79.19 46 19.95 5 87.26 53 25.05 49 28.74 62 10.06 88 52.57 23 69.25 95 57.85 25 74.26 72 7.03 25 94.68 64 48.01 68 0.88 3 78.56 1 72.21 94 1.31 29 14.68 60 48.46 30 96.33 26 45.07 33 46.06 39 39.25 42 24.49 33 62.24 94 40.02 54 13.12 17 97.01 69 43.44 29 70.18 82 44.43 31 60.25 37 85.81 101684.49
61 76 60.80 94 29.04 91 23.78 41 62.51 75 31.47 40 94.73 67 8.07 63 68.61 17 82.95 32 21.36 63 17.73 20 94.33 42 55.50 58 8.59 7 50.15 41 42.32 22 55.76 67 2.59 36 28.91 62 38.44 62 41.41 10 67.24 44 0.86 53 18.42 36 27.42 47 54.16 35 48.99 47 1.61 62 38.65 27 66.48 73 55.38 47 91.97 57 3.53 32 7.69 46 70.54 27 65.91 71 75.01 43 78.74 51 66.31 38 95.38 59 56.61 84 95.06 50 74.94 89 45.00 71 70.64 75 53.14 78 32.62 48 0.21 32 75.92 88 25.92 47 38.48 93 59.68 42 27.94 10 30.97 44 66.32 66 65.77 24 76.81 38 5.78 25 80.13 93 81.94 67 89.55 90863.33
5 55 71.43 78 69.56 25 38.18 2 35.81 93 75.20 169404.22
48 15 0.70 48 73.11 77 45.80 34 88.70 29 6.21 10 79.49 77 74.72 62 80.34 38 77.44 66 26.19 89 17.82 53 79.66 77 16.39 90 13.21 56 77.80 73 14.31 95 61.56 19 65.33 46 58.42 31 89.49 34 35.21 51 71.48 72 66.69 30 17.13 74 27.79 38 24.33 38 46.44 99 59.10 3 14.95 55 40.99 49 13.09 29 16.88 43 74.52 8 99.89 6 62.84 67 86.72 24 78.76 84 84.51 45 25.37 52 0.77 25 41.37 33 51.98 75 50.61 98 81.62 5 33.84 7 23.36 34 98.69 12 80.51 148676.81
41 51 4.12 9 90.19 18 57.06 30 1.31 34 96.31 29 93.12 47 9.56 84 7.20 83 65.24 85 38.82 39 75.04 78 19.29 79 71.27 58 29.59 51 29.57 81 83.40 84 11.98 71 97.84 86 78.35 7 85.21 44 77.75 45 98.99 46 2.32 95 10.05 42 47.04 64 55.82 4 70.69 71 5.36 28 20.81 42 11.94 31 92.45 87 87.35 86 37.12 12 55.54 40 4.64 85 35.67 71 85.80 52 26.48 91 55.50 17 86.12 59 24.33 170803.98
71 50 55.67 97 32.41 92 9.28 41 24.82 48 49.74 91 4.69 77 4.74 72 31.17 95 47.25 10 83.54 51 14.48 66 71.89 58 32.53 72 64.37 65 71.59 41 74.58 24 35.63 36 85.18 54 16.98 59 28.94 70 40.75 38 76.25 69 43.41 85 60.71 30 26.98 26 67.22 38 16.12 9 15.33 12 34.07 17 69.85 96 36.85 57 56.82 42 11.07 47 36.50 97 68.99 69 32.62 30 57.42 38 75.20 95 25.42 51 78.13 55 55.14 96 87.66 32 0.01 96 67.56 63 1.80 92 85.87 69 33.06 90 77.84 45 52.17 7 1.38 7 65.10 96 61.25 59 26.12 10 28.36 29 90.81 37 43.53 30 54.28 67 18.76 22 48.00 44 12.60 35 95.82 11 75.11 7 69.08 61 19.97 2 23.85 91 59.46 81 72.06 26 88.43 80 55.60 75 63.13 25 61.90 31990.70
94 84 33.59 21 57.47 70 93.26 22 98.98 77 58.22 95 11.44 86 11.57 25 60.25 13 82.57 17 89.99 26 96.30 6 13.64 23 33.28 54 2.57 60 40.42 58 28.54 41 95.39 29 85.80 53 10.64 25 9.60 98 24.88 79 47.40 93 80.73 95 18.99 90 21.83 58 1.72 20 24.92 5 50.08 80 28.46 47 72.12 43 11.59 10 15.64 51 10.25 90 43.43 69 55.71 85 2.47 90 75.28 22 97.41 39 20.62 40 71.41 23 13.41 28 10.97 92 41.47 67 45.72 67 47.68 37 49.53 31 82.67 61 92.71 25 75.62 87 76.85 24 30.81 20 58.53 90 23.29 24 35.41 38 77.25 88 68.11 35 21.94 93 40.52 17 8.55 71 61.39 17 8.07 55 96.48 94 33.30 6 38.78 65 18.73 6 47.22 60 2.68 90 30.40 85 8.73 78 13.72 60 55.87 22 60.37 22 53.24 19 43.25 74 72.71 50 72.98 65 11.04 69 73.03 43 9.30 77 45.98 83 36.86 47 17.05 64 77.12 11 37.29 91 41.44 91 38.29 77 92.78 9 47.59 2 65.10 35 24.68 59 86.26 53 99.66 31 74.86 55 87.61 88146.49
32 40 56.73 97 81.14 96 9.26 53 1.12 55 58.78 20 70.09 77 76.52 48 28.53 14 89.15 97 60.21 20 98.39 90 37.42 22 16.15 35 1.66 23 33.65 96 54.69 59 41.93 90 93.03 26 34.12 11 31.37 31 91.70 48 22.37 96 84.57 24 42.40 4 92.28 79 26.07 28 40.62 35 42.46 1 8.46 86 63.06 29 85.92 24 68.28 191609.43
